52
559.16666666667
2
469.83333333333
3
19
469.83333333333
185
connections
0.22562195408078
step
0.099999700000225
link
1.8049756326462
enable
0.18049756326462
bias
0.29403366887795
node
0.45124390816155
disable
0.26536578421103
done
62
68 171 1.1011060834047 635 1
176 171 0.99730683416004 1247 1
109 171 1.6232900479141 1179 0
124 172 1.7171544541765 3136 1
91 172 1.0203639014017 1032 0
181 172 1.0436333493218 2045 1
179 175 -1.7286136967071 1487 1
20 175 1.0693821527757 1181 1
108 175 -0.17499313333537 2240 1
52 175 -1.7645760979034 1245 0
90 175 -1.3511101107822 1484 1
180 176 1 1544 1
68 176 1.0587302774133 1246 0
108 176 -1.8358752708518 2043 1
41 178 -1.2118900112918 3137 1
170 178 -1.1803651539659 1485 1
103 178 1 1405 1
52 179 1 1486 1
33 179 0.90475173192541 2371 1
157 180 1.7908537553026 2106 1
68 180 0.14447462385937 1543 1
124 180 0.9422276985992 2105 1
1000006 180 -1.0363475447859 3215 1
170 181 0.77730643635365 2306 1
91 181 1.0847076326792 2044 1
128 184 1.5596789452803 3214 1
175 184 1 3138 1
151 185 1 3216 1
150 1000001 0.14001937925352 1542 1
49 1000001 0.70196310312204 1541 1
2 1000001 1.9032888271737 1404 1
123 1000001 -0.32648701437422 1483 1
109 1000001 1.4029700951787 634 1
184 1000002 1.4122530902842 3139 1
48 1000002 0.52992784841896 971 1
178 1000002 0.69567851002707 1406 1
170 1000002 0.96704082822986 402 1
53 1000002 1.1534341292185 204 0
103 1000002 0.77409475197782 1030 1
69 1000002 1.7468184453871 2304 1
175 1000002 1.4122530902842 1182 0
20 1000002 1.4100844450008 633 1
171 1000003 -0.35968804535406 636 1
68 1000003 -0.23960558347938 400 0
185 1000003 -0.33578127384259 3217 1
78 1000003 -1.5122435682241 1180 1
170 1000003 -1.4262098245134 9 1
151 1000003 -0.33578127384259 1403 0
44 1000003 0.55249168370617 2042 1
140 1000003 -0.93232357266083 205 1
10 1000004 -1.5081836942965 1031 1
145 1000004 -1.2680172659119 401 1
172 1000004 -2.0271255382368 1033 1
132 1000004 1.3904305531211 7 0
91 1000004 -1.9038063120231 8 1
85 1000005 -0.28046717649083 972 0
171 1000005 -1.0434643086032 1119 1
130 1000005 -1.0744537186804 1118 1
72 1000005 -1.8751306192206 2171 1
89 1000005 -1.0563676870022 2305 1
170 1000006 0.073194637249386 206 1
90 1000006 -1.6378063295389 2239 1
0
186
connections
0.22562127721542
step
0.095
link
1.6289880649774
enable
0.1999964000297
bias
0.26536498811427
node
0.45124255443084
disable
0.29403278677761
done
67
68 171 1.1011060834047 635 1
109 171 1.6232900479141 1179 0
44 171 0.038636432996612 3390 0
176 171 0.99730683416004 1247 1
91 172 1.0203639014017 1032 0
124 172 1.7171544541765 3136 1
181 172 1.0436333493218 2045 1
90 175 -1.3511101107822 1484 1
52 175 -1.7645760979034 1245 1
20 175 1.0693821527757 1181 1
108 175 -0.17499313333537 2240 1
179 175 -1.7286136967071 1487 1
108 176 -1.8358752708518 2043 1
68 176 1.0587302774133 1246 0
180 176 1 1544 1
170 178 -1.1803651539659 1485 1
103 178 1 1405 1
41 178 -1.2118900112918 3137 1
65 178 -1.3053987243263 3389 1
52 179 1 1486 1
33 179 0.90475173192541 2371 1
68 180 0.14447462385937 1543 1
157 180 1.7908537553026 2106 1
124 180 0.9422276985992 2105 1
1000006 180 -1.0363475447859 3215 1
170 181 0.77730643635365 2306 1
91 181 1.0847076326792 2044 1
128 184 1.5596789452803 3214 1
175 184 1 3138 1
151 185 1 3216 1
109 1000001 1.4029700951787 634 1
150 1000001 0.14001937925352 1542 1
123 1000001 -0.32648701437422 1483 1
2 1000001 1.9032888271737 1404 1
49 1000001 0.70196310312204 1541 1
29 1000001 -1.9991454817347 3303 1
53 1000002 1.1534341292185 204 0
69 1000002 1.7468184453871 2304 1
184 1000002 1.4122530902842 3139 1
20 1000002 1.4100844450008 633 1
178 1000002 0.69567851002707 1406 1
13 1000002 1.3418988616596 3440 1
48 1000002 0.52992784841896 971 1
103 1000002 0.77409475197782 1030 1
175 1000002 1.4122530902842 1182 0
170 1000002 0.96704082822986 402 1
78 1000003 -1.5122435682241 1180 1
44 1000003 0.55249168370617 2042 1
151 1000003 -0.33578127384259 1403 1
170 1000003 -1.4262098245134 9 1
140 1000003 -0.93232357266083 205 1
68 1000003 -0.23960558347938 400 0
185 1000003 -0.33578127384259 3217 1
171 1000003 -0.35968804535406 636 1
91 1000004 -1.9038063120231 8 1
145 1000004 -1.2680172659119 401 1
10 1000004 -1.5081836942965 1031 1
172 1000004 -2.0271255382368 1033 1
132 1000004 1.3904305531211 7 0
130 1000005 -1.0744537186804 1118 1
72 1000005 -1.8751306192206 2171 1
89 1000005 -1.0563676870022 2305 1
171 1000005 -1.0434643086032 1119 1
85 1000005 -0.28046717649083 972 0
90 1000006 -1.6378063295389 2239 1
170 1000006 0.073194637249386 206 1
74 171 -1.388409070101 3504 1
0
186
connections
0.24999550003712
step
0.11080249307729
link
1.8049702177234
enable
0.2216023269087
bias
0.29403278677761
node
0.40724701624436
disable
0.29403278677761
done
68
68 171 1.1011060834047 635 1
109 171 1.6232900479141 1179 0
44 171 0.038636432996612 3390 0
176 171 0.99730683416004 1247 1
91 172 1.0203639014017 1032 0
124 172 1.7171544541765 3136 1
181 172 1.0436333493218 2045 1
90 175 -1.3511101107822 1484 1
52 175 -1.7645760979034 1245 1
20 175 1.0693821527757 1181 1
108 175 -0.17499313333537 2240 1
179 175 -1.7286136967071 1487 1
108 176 -1.8358752708518 2043 1
68 176 1.0587302774133 1246 0
180 176 1 1544 1
170 178 -1.1803651539659 1485 1
103 178 1 1405 1
41 178 -1.2118900112918 3137 1
65 178 -1.3053987243263 3389 1
52 179 1 1486 1
33 179 0.90475173192541 2371 1
68 180 0.14447462385937 1543 1
157 180 1.7908537553026 2106 1
124 180 0.9422276985992 2105 1
1000006 180 -1.0363475447859 3215 1
170 181 0.77730643635365 2306 1
91 181 1.0847076326792 2044 1
128 184 1.5596789452803 3214 1
175 184 1 3138 1
151 185 1 3216 1
109 1000001 1.4029700951787 634 1
150 1000001 0.14001937925352 1542 1
123 1000001 -0.32648701437422 1483 1
2 1000001 1.9032888271737 1404 1
49 1000001 0.70196310312204 1541 1
29 1000001 -1.9991454817347 3303 1
53 1000002 1.1534341292185 204 0
69 1000002 1.7468184453871 2304 1
184 1000002 1.4122530902842 3139 1
20 1000002 1.4100844450008 633 1
178 1000002 0.69567851002707 1406 1
13 1000002 1.3418988616596 3440 1
48 1000002 0.52992784841896 971 1
103 1000002 0.77409475197782 1030 1
175 1000002 1.4122530902842 1182 0
170 1000002 0.96704082822986 402 1
78 1000003 -1.5122435682241 1180 1
44 1000003 0.55249168370617 2042 1
151 1000003 -0.33578127384259 1403 1
170 1000003 -1.4262098245134 9 1
140 1000003 -0.93232357266083 205 1
68 1000003 -0.23960558347938 400 0
185 1000003 -0.33578127384259 3217 1
171 1000003 -0.35968804535406 636 1
91 1000004 -1.9038063120231 8 1
145 1000004 -1.2680172659119 401 1
10 1000004 -1.5081836942965 1031 1
172 1000004 -2.0271255382368 1033 1
132 1000004 1.3904305531211 7 0
130 1000005 -1.0744537186804 1118 1
72 1000005 -1.8751306192206 2171 1
89 1000005 -1.0563676870022 2305 1
171 1000005 -1.0434643086032 1119 1
85 1000005 -0.28046717649083 972 0
90 1000006 -1.6378063295389 2239 1
170 1000006 0.073194637249386 206 1
21 178 -0.85067293313395 3505 1
69 181 -1.7230140079958 3506 1
0
188
connections
0.21434085637674
step
0.10526268421124
link
1.8999715001924
enable
0.18999715001924
bias
0.309508660871
node
0.42868171275347
disable
0.27933198543405
done
64
68 171 1.1011060834047 635 1
176 171 0.99730683416004 1247 1
109 171 1.6232900479141 1179 0
124 172 1.7171544541765 3136 1
91 172 1.0203639014017 1032 0
181 172 1.0436333493218 2045 1
179 175 -1.7286136967071 1487 1
20 175 1.0693821527757 1181 1
108 175 -0.17499313333537 2240 1
52 175 -1.7645760979034 1245 0
90 175 -1.3511101107822 1484 1
180 176 1 1544 1
68 176 1.0587302774133 1246 0
108 176 -1.8358752708518 2043 1
41 178 -1.2118900112918 3137 1
170 178 -1.1803651539659 1485 1
103 178 1 1405 1
52 179 1 1486 1
33 179 0.90475173192541 2371 1
157 180 1.7908537553026 2106 1
68 180 0.14447462385937 1543 1
124 180 0.9422276985992 2105 1
1000006 180 -1.0363475447859 3215 1
170 181 0.77730643635365 2306 1
91 181 1.0847076326792 2044 1
128 184 1.5596789452803 3214 1
175 184 1 3138 1
151 185 1 3216 1
150 1000001 0.14001937925352 1542 1
49 1000001 0.70196310312204 1541 1
2 1000001 1.9032888271737 1404 1
123 1000001 -0.32648701437422 1483 1
109 1000001 1.4029700951787 634 1
184 1000002 1.4122530902842 3139 1
48 1000002 0.52992784841896 971 1
178 1000002 0.69567851002707 1406 1
170 1000002 0.96704082822986 402 1
53 1000002 1.1534341292185 204 0
103 1000002 0.77409475197782 1030 1
69 1000002 1.7468184453871 2304 1
175 1000002 1.4122530902842 1182 1
20 1000002 1.4100844450008 633 1
171 1000003 -0.35968804535406 636 1
68 1000003 -0.23960558347938 400 0
185 1000003 -0.33578127384259 3217 1
78 1000003 -1.5122435682241 1180 1
170 1000003 -1.4262098245134 9 1
151 1000003 -0.33578127384259 1403 0
44 1000003 0.55249168370617 2042 1
140 1000003 -0.93232357266083 205 1
10 1000004 -1.5081836942965 1031 1
145 1000004 -1.2680172659119 401 1
172 1000004 -2.0271255382368 1033 1
132 1000004 1.3904305531211 7 0
91 1000004 -1.9038063120231 8 1
85 1000005 -0.28046717649083 972 0
171 1000005 -1.0434643086032 1119 1
130 1000005 -1.0744537186804 1118 1
72 1000005 -1.8751306192206 2171 1
89 1000005 -1.0563676870022 2305 1
170 1000006 0.073194637249386 206 1
90 1000006 -1.6378063295389 2239 1
58 1000006 -0.057069612720115 3507 1
8 178 -1.595690786462 3508 1
0
188
connections
0.21434085637674
step
0.094999715000214
link
1.7147268510139
enable
0.17147268510139
bias
0.27933198543405
node
0.42868171275347
disable
0.25209749500048
done
67
68 171 1.1011060834047 635 1
176 171 0.99730683416004 1247 1
109 171 1.6232900479141 1179 0
124 172 1.7171544541765 3136 1
91 172 1.0203639014017 1032 0
181 172 1.0436333493218 2045 1
179 175 -1.7286136967071 1487 1
20 175 1.0693821527757 1181 1
108 175 -0.17499313333537 2240 1
52 175 -1.7645760979034 1245 0
90 175 -1.3511101107822 1484 1
180 176 1 1544 1
68 176 1.0587302774133 1246 0
108 176 -1.8358752708518 2043 1
41 178 -1.2118900112918 3137 1
170 178 -1.1803651539659 1485 1
103 178 1 1405 1
52 179 1 1486 1
33 179 0.90475173192541 2371 1
157 180 1.7908537553026 2106 1
68 180 0.14447462385937 1543 1
124 180 0.9422276985992 2105 1
1000006 180 -1.0363475447859 3215 1
170 181 0.77730643635365 2306 1
91 181 1.0847076326792 2044 1
128 184 1.5596789452803 3214 1
175 184 1 3138 1
151 185 1 3216 1
150 1000001 0.14001937925352 1542 1
49 1000001 0.70196310312204 1541 1
2 1000001 1.9032888271737 1404 1
123 1000001 -0.32648701437422 1483 1
109 1000001 1.4029700951787 634 1
184 1000002 1.4122530902842 3139 1
48 1000002 0.52992784841896 971 1
178 1000002 0.69567851002707 1406 1
170 1000002 0.96704082822986 402 1
53 1000002 1.1534341292185 204 0
103 1000002 0.77409475197782 1030 1
69 1000002 1.7468184453871 2304 0
175 1000002 1.4122530902842 1182 0
20 1000002 1.4100844450008 633 1
171 1000003 -0.35968804535406 636 1
68 1000003 -0.23960558347938 400 0
185 1000003 -0.33578127384259 3217 1
78 1000003 -1.5122435682241 1180 1
170 1000003 -1.4262098245134 9 1
151 1000003 -0.33578127384259 1403 1
44 1000003 0.55249168370617 2042 1
140 1000003 -0.93232357266083 205 1
10 1000004 -1.5081836942965 1031 1
145 1000004 -1.2680172659119 401 1
172 1000004 -2.0271255382368 1033 1
132 1000004 1.3904305531211 7 0
91 1000004 -1.9038063120231 8 1
85 1000005 -0.28046717649083 972 0
171 1000005 -1.0434643086032 1119 1
130 1000005 -1.0744537186804 1118 1
72 1000005 -1.8751306192206 2171 1
89 1000005 -1.0563676870022 2305 1
170 1000006 0.073194637249386 206 1
90 1000006 -1.6378063295389 2239 1
178 180 0.38874477370525 3509 1
36 1000004 0.71199682607501 3510 1
170 184 1.4618976409192 3511 1
69 188 1 3512 1
188 1000002 1.7468184453871 3513 1
0
187
connections
0.24999550003712
step
0.11080249307729
link
1.8049702177234
enable
0.2216023269087
bias
0.29403278677761
node
0.45124255443084
disable
0.29403278677761
done
68
68 171 1.1011060834047 635 1
109 171 1.6232900479141 1179 0
44 171 0.038636432996612 3390 0
176 171 0.99730683416004 1247 1
91 172 1.0203639014017 1032 0
124 172 1.7171544541765 3136 1
181 172 1.0436333493218 2045 1
90 175 -1.3621011993774 1484 1
52 175 -1.7645760979034 1245 1
20 175 1.0693821527757 1181 1
108 175 -0.17499313333537 2240 1
179 175 -1.7875063325907 1487 1
108 176 -1.9135087130345 2043 1
68 176 1.0587302774133 1246 0
180 176 1 1544 1
170 178 -1.1435126804407 1485 1
103 178 1 1405 1
41 178 -1.2123451948607 3137 1
65 178 -1.3053987243263 3389 1
52 179 1 1486 1
33 179 0.90475173192541 2371 1
68 180 0.050460371715445 1543 1
157 180 1.7418881801813 2106 1
124 180 0.9422276985992 2105 1
1000006 180 -1.0363475447859 3215 1
170 181 0.78380367442854 2306 1
91 181 1.0502151554918 2044 1
128 184 0.17511520737327 3214 1
175 184 1 3138 1
151 185 1 3216 1
109 1000001 1.4029700951787 634 1
150 1000001 0.19113620410779 1542 1
123 1000001 -0.32648701437422 1483 1
2 1000001 1.9032888271737 1404 1
49 1000001 0.70196310312204 1541 1
29 1000001 -1.9991454817347 3303 1
53 1000002 1.1534341292185 204 0
69 1000002 1.7747354045228 2304 1
184 1000002 1.4404077886087 3139 1
20 1000002 1.4100844450008 633 1
178 1000002 0.776559121618 1406 1
13 1000002 1.3418988616596 3440 1
48 1000002 0.52992784841896 971 1
103 1000002 0.77409475197782 1030 1
175 1000002 1.4648659324729 1182 1
170 1000002 0.95560325384099 402 1
78 1000003 -1.5122435682241 1180 1
44 1000003 0.58264687032685 2042 1
151 1000003 -0.33578127384259 1403 1
170 1000003 -1.4069326554104 9 1
140 1000003 -0.92787321101649 205 1
68 1000003 -0.23960558347938 400 0
185 1000003 -0.2779497665334 3217 1
171 1000003 -0.32755556450443 636 1
91 1000004 -1.9038063120231 8 1
145 1000004 -1.2680172659119 401 1
10 1000004 -1.5169655479908 1031 1
172 1000004 -2.0271255382368 1033 1
132 1000004 1.3904305531211 7 0
130 1000005 -1.0744537186804 1118 1
72 1000005 -1.8751306192206 2171 1
89 1000005 -1.1306205938902 2305 1
171 1000005 -1.0424060792871 1119 1
85 1000005 -0.28046717649083 972 0
90 1000006 -1.6378063295389 2239 1
170 1000006 0.073194637249386 206 1
30 1000005 0.66963713492233 3514 1
132 181 -1.8665730765709 3515 1
0
188
connections
0.24999550003712
step
0.09999940000135
link
1.6289880649774
enable
0.2216023269087
bias
0.29403278677761
node
0.45124255443084
disable
0.26536498811427
done
69
68 171 1.1011060834047 635 1
109 171 1.6232900479141 1179 0
44 171 0.038636432996612 3390 0
176 171 0.99730683416004 1247 1
91 172 1.0203639014017 1032 0
124 172 1.7171544541765 3136 0
181 172 1.0436333493218 2045 1
90 175 -1.3511101107822 1484 1
52 175 -1.7645760979034 1245 1
20 175 1.0693821527757 1181 1
108 175 -0.17499313333537 2240 1
179 175 -1.7286136967071 1487 1
108 176 -1.8358752708518 2043 1
68 176 1.0587302774133 1246 0
180 176 1 1544 1
170 178 -1.1803651539659 1485 1
103 178 1 1405 1
41 178 -1.2118900112918 3137 1
65 178 -1.3053987243263 3389 1
52 179 1 1486 1
33 179 0.90475173192541 2371 1
68 180 0.14447462385937 1543 1
157 180 1.7908537553026 2106 1
124 180 0.9422276985992 2105 1
1000006 180 -1.0363475447859 3215 1
170 181 0.77730643635365 2306 1
91 181 1.0847076326792 2044 1
128 184 1.5596789452803 3214 1
175 184 1 3138 1
151 185 1 3216 1
109 1000001 1.4029700951787 634 1
150 1000001 0.14001937925352 1542 1
123 1000001 -0.32648701437422 1483 1
2 1000001 1.9032888271737 1404 1
49 1000001 0.70196310312204 1541 1
29 1000001 -1.9991454817347 3303 1
53 1000002 1.1534341292185 204 0
69 1000002 1.7468184453871 2304 1
184 1000002 1.4122530902842 3139 1
20 1000002 1.4100844450008 633 1
178 1000002 0.69567851002707 1406 1
13 1000002 1.3418988616596 3440 1
48 1000002 0.52992784841896 971 1
103 1000002 0.77409475197782 1030 1
175 1000002 1.4122530902842 1182 0
170 1000002 0.96704082822986 402 1
78 1000003 -1.5122435682241 1180 1
44 1000003 0.55249168370617 2042 1
151 1000003 -0.33578127384259 1403 1
170 1000003 -1.4262098245134 9 1
140 1000003 -0.93232357266083 205 1
68 1000003 -0.23960558347938 400 0
185 1000003 -0.33578127384259 3217 1
171 1000003 -0.35968804535406 636 1
91 1000004 -1.9038063120231 8 1
145 1000004 -1.2680172659119 401 1
10 1000004 -1.5081836942965 1031 1
172 1000004 -2.0271255382368 1033 1
132 1000004 1.3904305531211 7 0
130 1000005 -1.0744537186804 1118 1
72 1000005 -1.8751306192206 2171 1
89 1000005 -1.0563676870022 2305 1
171 1000005 -1.0434643086032 1119 1
85 1000005 -0.28046717649083 972 0
90 1000006 -1.6378063295389 2239 1
170 1000006 0.073194637249386 206 1
104 1000005 -0.72261726737266 3516 1
74 1000005 -1.1062959685049 3517 1
170 175 -0.015076143681143 3518 1
0
188
connections
0.24999550003712
step
0.11080249307729
link
1.6289880649774
enable
0.2216023269087
bias
0.29403278677761
node
0.45124255443084
disable
0.26536498811427
done
68
68 171 1.1011060834047 635 1
109 171 1.6232900479141 1179 0
44 171 0.038636432996612 3390 0
176 171 0.99730683416004 1247 1
91 172 1.0203639014017 1032 0
124 172 1.7171544541765 3136 1
181 172 1.0436333493218 2045 1
90 175 -1.3511101107822 1484 1
52 175 -1.7645760979034 1245 1
20 175 1.0693821527757 1181 1
108 175 -0.17499313333537 2240 1
179 175 -1.7286136967071 1487 1
108 176 -1.8358752708518 2043 1
68 176 1.0587302774133 1246 0
180 176 1 1544 1
170 178 -1.1803651539659 1485 1
103 178 1 1405 1
41 178 -1.2118900112918 3137 1
65 178 -1.3053987243263 3389 1
52 179 1 1486 1
33 179 0.90475173192541 2371 1
68 180 0.14447462385937 1543 1
157 180 1.7908537553026 2106 1
124 180 0.9422276985992 2105 1
1000006 180 -1.0363475447859 3215 1
170 181 0.77730643635365 2306 1
91 181 1.0847076326792 2044 1
128 184 1.5596789452803 3214 1
175 184 1 3138 1
151 185 1 3216 1
109 1000001 1.4029700951787 634 1
150 1000001 0.14001937925352 1542 1
123 1000001 -0.32648701437422 1483 1
2 1000001 1.9032888271737 1404 1
49 1000001 0.70196310312204 1541 1
29 1000001 -1.9991454817347 3303 1
53 1000002 1.1534341292185 204 0
69 1000002 1.7468184453871 2304 1
184 1000002 1.4122530902842 3139 1
20 1000002 1.4100844450008 633 1
178 1000002 0.69567851002707 1406 1
13 1000002 1.3418988616596 3440 1
48 1000002 0.52992784841896 971 1
103 1000002 0.77409475197782 1030 1
175 1000002 1.4122530902842 1182 0
170 1000002 0.96704082822986 402 1
78 1000003 -1.5122435682241 1180 1
44 1000003 0.55249168370617 2042 1
151 1000003 -0.33578127384259 1403 1
170 1000003 -1.4262098245134 9 1
140 1000003 -0.93232357266083 205 1
68 1000003 -0.23960558347938 400 0
185 1000003 -0.33578127384259 3217 1
171 1000003 -0.35968804535406 636 1
91 1000004 -1.9038063120231 8 1
145 1000004 -1.2680172659119 401 1
10 1000004 -1.5081836942965 1031 1
172 1000004 -2.0271255382368 1033 1
132 1000004 1.3904305531211 7 0
130 1000005 -1.0744537186804 1118 1
72 1000005 -1.8751306192206 2171 1
89 1000005 -1.0563676870022 2305 1
171 1000005 -1.0434643086032 1119 1
85 1000005 -0.28046717649083 972 0
90 1000006 -1.6378063295389 2239 1
170 1000006 0.073194637249386 206 1
9 176 -0.38557084871975 3519 1
139 176 -0.98812829981384 3520 1
0
187
connections
0.24999587503094
step
0.11080265928127
link
1.8049729251828
enable
0.18049729251828
bias
0.32579810169264
node
0.45124323129569
disable
0.26536538616235
done
67
68 171 1.1011060834047 635 1
109 171 1.6232900479141 1179 0
176 171 0.99730683416004 1247 1
91 172 1.0203639014017 1032 0
181 172 1.0436333493218 2045 1
124 172 1.7171544541765 3136 1
52 175 -1.7645760979034 1245 0
90 175 -1.3511101107822 1484 1
108 175 -0.17499313333537 2240 1
179 175 -1.7286136967071 1487 1
20 175 1.0693821527757 1181 1
68 176 1.0587302774133 1246 0
108 176 -1.8358752708518 2043 1
180 176 1 1544 1
170 178 -1.1803651539659 1485 1
103 178 1 1405 1
41 178 -1.2118900112918 3137 1
33 179 0.90475173192541 2371 1
52 179 1 1486 1
124 180 0.9422276985992 2105 1
68 180 0.14447462385937 1543 1
1000006 180 -1.0363475447859 3215 1
157 180 1.7908537553026 2106 0
91 181 1.0847076326792 2044 1
11 181 1.2387462996307 3501 1
170 181 0.77730643635365 2306 1
128 184 1.5596789452803 3214 1
175 184 1 3138 1
186 185 1 3503 1
151 185 1 3216 0
151 186 1 3502 1
150 1000001 0.14001937925352 1542 1
49 1000001 0.70196310312204 1541 1
109 1000001 1.4029700951787 634 1
123 1000001 -0.32648701437422 1483 1
2 1000001 1.9032888271737 1404 1
20 1000002 1.4100844450008 633 1
115 1000002 1.8959929197058 3500 1
184 1000002 1.4122530902842 3139 1
69 1000002 1.7468184453871 2304 1
175 1000002 1.4122530902842 1182 1
103 1000002 0.77409475197782 1030 1
178 1000002 0.69567851002707 1406 1
170 1000002 0.96704082822986 402 1
53 1000002 1.1534341292185 204 0
48 1000002 0.52992784841896 971 1
44 1000003 0.55249168370617 2042 1
140 1000003 -0.93232357266083 205 1
78 1000003 -1.5122435682241 1180 1
68 1000003 -0.23960558347938 400 0
171 1000003 -0.35968804535406 636 1
170 1000003 -1.4262098245134 9 1
151 1000003 -0.33578127384259 1403 0
185 1000003 -0.33578127384259 3217 1
145 1000004 -1.2680172659119 401 1
10 1000004 -1.5081836942965 1031 1
132 1000004 1.3904305531211 7 0
91 1000004 -1.9038063120231 8 1
172 1000004 -2.0271255382368 1033 1
89 1000005 -1.0563676870022 2305 1
171 1000005 -1.0434643086032 1119 1
85 1000005 -0.28046717649083 972 0
72 1000005 -1.8751306192206 2171 1
130 1000005 -1.0744537186804 1118 1
90 1000006 -1.6378063295389 2239 1
170 1000006 0.073194637249386 206 1
78 172 1.2645039216285 3521 1
0
188
connections
0.22562161564784
step
0.099999550000675
link
1.8049729251828
enable
0.18049729251828
bias
0.32579810169264
node
0.4072476271158
disable
0.23949262025045
done
67
68 171 1.1011060834047 635 1
109 171 1.6232900479141 1179 0
176 171 0.99730683416004 1247 1
91 172 1.0203639014017 1032 0
181 172 1.0436333493218 2045 1
124 172 1.7171544541765 3136 1
52 175 -1.7645760979034 1245 1
90 175 -1.3511101107822 1484 1
108 175 -0.17499313333537 2240 1
179 175 -1.7286136967071 1487 1
20 175 1.0693821527757 1181 1
68 176 1.0587302774133 1246 0
108 176 -1.8358752708518 2043 1
180 176 1 1544 1
170 178 -1.1803651539659 1485 1
103 178 1 1405 1
41 178 -1.2118900112918 3137 1
33 179 0.90475173192541 2371 1
52 179 1 1486 1
124 180 0.9422276985992 2105 1
68 180 0.14447462385937 1543 1
1000006 180 -1.0363475447859 3215 1
157 180 1.7908537553026 2106 1
91 181 1.0847076326792 2044 1
11 181 1.2387462996307 3501 1
170 181 0.77730643635365 2306 1
128 184 1.5596789452803 3214 1
175 184 1 3138 1
186 185 1 3503 1
151 185 1 3216 1
151 186 1 3502 1
150 1000001 0.14001937925352 1542 1
49 1000001 0.70196310312204 1541 1
109 1000001 1.4029700951787 634 1
123 1000001 -0.32648701437422 1483 1
2 1000001 1.9032888271737 1404 1
20 1000002 1.4100844450008 633 1
115 1000002 1.8959929197058 3500 1
184 1000002 1.4122530902842 3139 1
69 1000002 1.7468184453871 2304 1
175 1000002 1.4122530902842 1182 0
103 1000002 0.77409475197782 1030 1
178 1000002 0.69567851002707 1406 1
170 1000002 0.96704082822986 402 1
53 1000002 1.1534341292185 204 0
48 1000002 0.52992784841896 971 1
44 1000003 0.55249168370617 2042 1
140 1000003 -0.93232357266083 205 1
78 1000003 -1.5122435682241 1180 1
68 1000003 -0.23960558347938 400 0
171 1000003 -0.35968804535406 636 1
170 1000003 -1.4262098245134 9 1
151 1000003 -0.33578127384259 1403 1
185 1000003 -0.33578127384259 3217 1
145 1000004 -1.2680172659119 401 1
10 1000004 -1.5081836942965 1031 1
132 1000004 1.3904305531211 7 0
91 1000004 -1.9038063120231 8 1
172 1000004 -2.0271255382368 1033 1
89 1000005 -1.0563676870022 2305 1
171 1000005 -1.0434643086032 1119 1
85 1000005 -0.28046717649083 972 0
72 1000005 -1.8751306192206 2171 1
130 1000005 -1.0744537186804 1118 1
90 1000006 -1.6378063295389 2239 1
170 1000006 0.073194637249386 206 1
156 176 -0.16486098818934 3522 1
0
187
connections
0.21434085637674
step
0.10526268421124
link
1.7147268510139
enable
0.18999715001924
bias
0.27933198543405
node
0.47499287504809
disable
0.25209749500048
done
63
68 171 1.0772407163889 635 1
176 171 1.0828385876658 1247 1
109 171 1.6373766860032 1179 0
124 172 1.7263774274841 3136 1
91 172 0.95721657074766 1032 0
181 172 0.9637362510517 2045 1
179 175 -1.691500143721 1487 1
20 175 1.0537406839374 1181 1
108 175 -0.15298456832999 2240 1
52 175 -1.7678303201119 1245 0
90 175 -1.4338727235735 1484 1
180 176 -0.18134098330638 1544 1
68 176 0.98245683427755 1246 0
108 176 -1.7830013879991 2043 1
41 178 1.4401684621723 3137 1
170 178 -1.1421272399009 1485 1
103 178 1.0230108525958 1405 1
52 179 0.97303782132679 1486 1
33 179 0.89983988024052 2371 1
157 180 1.7412758566414 2106 1
68 180 0.04816185383657 1543 1
124 180 1.041174686007 2105 1
1000006 180 -1.0802586636092 3215 1
170 181 0.83068788792194 2306 1
91 181 1.030073321623 2044 1
128 184 1.5465367704975 3214 1
175 184 0.96028435423128 3138 1
151 185 0.89500073752726 3216 1
150 1000001 0.24059829645587 1542 1
49 1000001 0.73540802653045 1541 1
2 1000001 1.9495707416435 1404 1
123 1000001 -0.28486316723151 1483 1
109 1000001 1.469567608115 634 1
184 1000002 1.4874856963068 3139 1
48 1000002 0.42585377449119 971 1
178 1000002 0.70213234262024 1406 1
170 1000002 0.97707334151432 402 1
53 1000002 0.27509384441664 204 0
103 1000002 0.86715292825098 1030 1
69 1000002 1.8459067810448 2304 1
175 1000002 1.3613966324532 1182 1
20 1000002 1.355058213797 633 1
171 1000003 -0.28827184207943 636 1
68 1000003 -0.20143834353939 400 0
185 1000003 -0.43630236676088 3217 1
78 1000003 -1.5238501870191 1180 1
170 1000003 -1.3628247718027 9 1
151 1000003 -0.32434170297933 1403 0
44 1000003 0.49291660882298 2042 1
140 1000003 -0.88062545025074 205 1
10 1000004 -1.5921092176895 1031 1
145 1000004 -1.2954356139372 401 1
172 1000004 -2.034761556193 1033 1
132 1000004 1.3170547491089 7 0
91 1000004 -1.8903621659791 8 1
85 1000005 -0.36865242214294 972 0
171 1000005 -1.1075239779613 1119 1
130 1000005 -1.1325896113825 1118 1
72 1000005 -1.9348855918764 2171 1
89 1000005 -1.0088971622489 2305 1
170 1000006 0.14657686618207 206 1
90 1000006 -1.5752822161686 2239 1
148 179 1.8350779747917 3523 1
0
187
connections
0.21434053486545
step
0.095
link
1.54754098304
enable
0.18999686502351
bias
0.30950819660801
node
0.47499216255878
disable
0.27933156643608
done
69
68 171 1.0904455102671 635 1
109 171 1.5713324381237 1179 0
176 171 0.96344059678707 1247 1
124 172 1.7803379924924 3136 1
91 172 0.9321655616086 1032 0
76 172 -0.58874401074252 3445 1
181 172 0.97192599130921 2045 1
179 175 -1.7749119541002 1487 1
20 175 0.97438215277566 1181 1
52 175 -1.7300372325816 1245 0
90 175 -1.2794839320048 1484 1
108 175 -0.1542779320658 2240 1
68 176 1.786370433668 1246 0
180 176 0.99611209448531 1544 1
108 176 -1.8323932615131 2043 1
41 178 -1.285702230903 3137 1
170 178 -1.2285363322855 1485 1
103 178 0.90564943388165 1405 1
33 179 0.8306495864742 2371 1
52 179 0.98190572832423 1486 1
154 180 1.192397686697 3444 1
157 180 1.8024362926115 2106 1
1000006 180 -1.0026204718162 3215 1
124 180 0.85445265053255 2105 1
68 180 0.22743110446486 1543 1
170 181 0.78376308481094 2306 1
91 181 1.0211123996704 2044 1
128 184 1.4803001495407 3214 1
175 184 1.0805327005829 3138 1
151 185 0.91534455397198 3216 1
103 187 1.0036095767083 3393 1
150 1000001 0.20995818964202 1542 1
49 1000001 0.49018829920347 1541 1
2 1000001 1.9612942899869 1404 1
109 1000001 1.4775129279068 634 1
123 1000001 -0.26007370220038 1483 1
48 1000002 0.57760615281058 971 1
178 1000002 0.7804267323239 1406 1
53 1000002 1.2444911377942 204 0
184 1000002 1.4297327191791 3139 1
69 1000002 1.7050778221992 2304 1
187 1000002 -1.345194860683 3394 1
170 1000002 0.96148294987664 402 1
175 1000002 1.4855144507993 1182 1
20 1000002 1.4014533527433 633 1
103 1000002 0.84032831013084 1030 0
170 1000003 -1.4001367937203 9 1
171 1000003 -0.2678366399767 636 1
68 1000003 -0.15700861091552 400 0
78 1000003 -1.5321875667592 1180 1
185 1000003 -0.42409558397168 3217 1
151 1000003 -0.24744376964629 1403 1
44 1000003 0.47048036133915 2042 1
139 1000003 1.9186759544664 3391 1
140 1000003 -0.96280927473914 205 1
168 1000003 -1.026877498703 3392 1
145 1000004 -1.3089866863654 401 1
132 1000004 1.3618351675198 7 0
91 1000004 -1.9417257126395 8 1
172 1000004 -2.1063941621572 1033 1
10 1000004 -1.4868596487629 1031 1
89 1000005 -1.1469376201666 2305 1
72 1000005 -1.8133039338359 2171 1
85 1000005 -0.27494408923841 972 0
130 1000005 -1.1073747978149 1118 1
171 1000005 -1.0307626575518 1119 1
90 1000006 -1.697412182989 2239 1
170 1000006 -0.0065610620822591 206 1
135 181 -0.87545396282846 3524 1
0
185
connections
0.23749643752405
step
0.095
link
1.7147268510139
enable
0.17147268510139
bias
0.27933198543405
node
0.42868171275347
disable
0.25209749500048
done
64
68 171 1.1270167557275 635 1
176 171 0.98563731909915 1247 1
109 171 1.7040198980682 1179 0
124 172 1.7940630817591 3136 1
91 172 0.92853569009152 1032 0
181 172 1.0305142050609 2045 1
179 175 -1.6820487075411 1487 1
20 175 -1.2919705801569 1181 1
108 175 -0.17528015991699 2240 1
52 175 -1.8231150242622 1245 0
90 175 -1.3161479537339 1484 1
180 176 1.0628994109928 1544 1
68 176 1.1026337473678 1246 0
108 176 -1.8310495315409 2043 1
41 178 -1.1325112155522 3137 1
170 178 -1.2653569139683 1485 1
103 178 1.0571704763939 1405 1
52 179 0.99751533555101 1486 1
33 179 0.91049516281625 2371 1
157 180 1.7810281685842 2106 1
68 180 1.317239906003 1543 1
124 180 0.96009582811975 2105 1
1000006 180 -0.95593081453902 3215 1
170 181 0.82218405713065 2306 1
91 181 1.0267543565172 2044 1
128 184 1.6544354075747 3214 1
175 184 1.0668366039003 3138 1
151 185 0.91696234015931 3216 1
150 1000001 0.11755882442701 1542 1
49 1000001 0.7080312509537 1541 1
2 1000001 1.8242753379925 1404 1
123 1000001 -0.24192434461501 1483 1
109 1000001 -0.19476912747581 634 1
184 1000002 1.4074258250478 3139 1
48 1000002 0.56549305121446 971 1
178 1000002 0.7593259296871 1406 1
170 1000002 -1.4378490554521 402 1
53 1000002 1.1413239268808 204 0
103 1000002 0.8569816503817 1030 1
69 1000002 1.7112648396252 2304 1
175 1000002 1.4283178810798 1182 0
20 1000002 1.4783358870004 633 1
171 1000003 -0.29309497915942 636 1
68 1000003 -0.16306806097198 400 0
185 1000003 -0.30459974974822 3217 1
78 1000003 -1.5792831202124 1180 1
170 1000003 -1.454132582166 9 1
151 1000003 -0.33307046723838 1403 0
44 1000003 0.64340372936186 2042 1
140 1000003 -0.94763455627239 205 1
10 1000004 -1.5925318189341 1031 1
145 1000004 0.033875545518357 401 1
172 1000004 -2.0379890594624 1033 1
132 1000004 1.4644399223035 7 0
91 1000004 -1.871308524615 8 1
85 1000005 -0.30140272139882 972 0
171 1000005 -1.0413565477462 1119 1
130 1000005 -1.0042771691031 1118 1
72 1000005 -1.9618213446455 2171 1
89 1000005 -1.1281214331492 2305 1
170 1000006 -0.017328907780675 206 1
90 1000006 -1.6571936704611 2239 1
152 176 -1.7155674916837 3525 1
127 1000001 -0.018250068666646 3526 1
0
189
connections
0.22562127721542
step
0.11080249307729
link
1.8049702177234
enable
0.16289880649774
bias
0.26536498811427
node
0.55400581727174
disable
0.23949226101152
done
76
68 171 1.1011060834047 635 1
176 171 0.99730683416004 1247 1
109 171 1.6232900479141 1179 0
91 172 1.0203639014017 1032 0
124 172 1.7171544541765 3136 1
181 172 1.0436333493218 2045 1
90 175 -1.3511101107822 1484 1
108 175 -0.17499313333537 2240 1
52 175 -1.7645760979034 1245 1
20 175 1.0693821527757 1181 1
179 175 -1.7286136967071 1487 1
68 176 1.0587302774133 1246 0
108 176 -1.8358752708518 2043 1
180 176 1 1544 1
170 178 -1.1803651539659 1485 1
41 178 -1.2118900112918 3137 1
137 178 0.67586291085543 3385 1
103 178 1 1405 1
52 179 1 1486 1
33 179 0.90475173192541 2371 1
157 180 1.7908537553026 2106 1
68 180 0.14447462385937 1543 1
7 180 -1.9171117282632 3457 1
124 180 0.9422276985992 2105 1
1000006 180 -1.0363475447859 3215 1
170 181 0.77730643635365 2306 1
91 181 1.0847076326792 2044 1
187 181 0.77730643635365 3388 1
128 184 1.5596789452803 3214 1
18 184 1.7211828974273 3384 1
175 184 1 3138 0
160 185 -1.3969542527543 3298 1
151 185 1 3216 1
170 185 -0.81929990539262 3386 1
170 187 1 3387 1
171 188 1 3458 1
49 1000001 0.70196310312204 1541 0
150 1000001 0.14001937925352 1542 1
109 1000001 1.4029700951787 634 1
2 1000001 1.9032888271737 1404 1
123 1000001 -0.32648701437422 1483 1
184 1000002 1.4122530902842 3139 1
175 1000002 1.4122530902842 1182 1
53 1000002 1.1534341292185 204 0
20 1000002 1.4100844450008 633 1
69 1000002 1.7468184453871 2304 1
170 1000002 0.96704082822986 402 1
48 1000002 0.52992784841896 971 1
178 1000002 0.69567851002707 1406 1
103 1000002 0.77409475197782 1030 1
55 1000003 -0.016174810022278 3456 1
44 1000003 0.55249168370617 2042 1
140 1000003 -0.93232357266083 205 1
185 1000003 -0.33578127384259 3217 1
78 1000003 -1.5122435682241 1180 1
68 1000003 -0.23960558347938 400 0
170 1000003 -1.4262098245134 9 1
151 1000003 -0.33578127384259 1403 1
171 1000003 -0.35968804535406 636 1
91 1000004 -1.9038063120231 8 1
172 1000004 -2.0271255382368 1033 1
145 1000004 -1.2680172659119 401 1
10 1000004 -1.5081836942965 1031 1
132 1000004 1.3904305531211 7 0
72 1000005 -1.8751306192206 2171 1
89 1000005 -1.0563676870022 2305 1
188 1000005 -1.0434643086032 3459 1
130 1000005 -1.0744537186804 1118 1
171 1000005 -1.0434643086032 1119 1
85 1000005 -0.28046717649083 972 0
90 1000006 -1.6378063295389 2239 1
170 1000006 0.073194637249386 206 1
105 1000006 -1.5383159886471 3527 1
53 188 0.37971129490036 3528 1
175 189 1 3529 1
189 184 1 3530 1
0
188
connections
0.22562161564784
step
0.11080265928127
link
1.9999670002475
enable
0.18049729251828
bias
0.32579810169264
node
0.4072476271158
disable
0.26536538616235
done
68
68 171 1.1011060834047 635 1
109 171 1.6232900479141 1179 0
176 171 0.99730683416004 1247 1
91 172 1.0203639014017 1032 0
181 172 1.0436333493218 2045 1
124 172 1.7171544541765 3136 1
52 175 -1.7645760979034 1245 0
90 175 -1.3511101107822 1484 1
108 175 -0.17499313333537 2240 1
179 175 -1.7286136967071 1487 1
20 175 1.0693821527757 1181 1
68 176 1.0587302774133 1246 0
108 176 -1.8358752708518 2043 1
180 176 1 1544 1
170 178 -1.1803651539659 1485 1
103 178 1 1405 1
41 178 -1.2118900112918 3137 1
33 179 0.90475173192541 2371 1
52 179 1 1486 1
124 180 0.9422276985992 2105 1
68 180 0.14447462385937 1543 1
1000006 180 -1.0363475447859 3215 1
157 180 1.7908537553026 2106 1
91 181 1.0847076326792 2044 1
11 181 1.2387462996307 3501 1
170 181 0.77730643635365 2306 1
128 184 1.5596789452803 3214 1
175 184 1 3138 1
186 185 1 3503 1
151 185 1 3216 1
151 186 1 3502 1
150 1000001 0.14001937925352 1542 1
49 1000001 0.70196310312204 1541 1
109 1000001 1.4029700951787 634 1
123 1000001 -0.32648701437422 1483 1
2 1000001 1.9032888271737 1404 1
20 1000002 1.4100844450008 633 1
115 1000002 1.8959929197058 3500 1
184 1000002 1.4122530902842 3139 1
69 1000002 1.7468184453871 2304 1
175 1000002 1.4122530902842 1182 0
103 1000002 0.77409475197782 1030 1
178 1000002 0.69567851002707 1406 1
170 1000002 0.96704082822986 402 1
53 1000002 1.1534341292185 204 1
48 1000002 0.52992784841896 971 1
44 1000003 0.55249168370617 2042 1
140 1000003 -0.93232357266083 205 1
78 1000003 -1.5122435682241 1180 1
68 1000003 -0.23960558347938 400 0
171 1000003 -0.35968804535406 636 1
170 1000003 -1.4262098245134 9 1
151 1000003 -0.33578127384259 1403 1
185 1000003 -0.33578127384259 3217 1
145 1000004 -1.2680172659119 401 1
10 1000004 -1.5081836942965 1031 1
132 1000004 1.3904305531211 7 0
91 1000004 -1.9038063120231 8 1
172 1000004 -2.0271255382368 1033 1
89 1000005 -1.0563676870022 2305 1
171 1000005 -1.0434643086032 1119 1
85 1000005 -0.28046717649083 972 0
72 1000005 -1.8751306192206 2171 1
130 1000005 -1.0744537186804 1118 1
90 1000006 -1.6378063295389 2239 1
170 1000006 0.073194637249386 206 1
69 185 0.95797601245155 3531 1
100 1000006 -1.4148991363262 3532 1
0
187
connections
0.24999550003712
step
0.09025
link
1.470163933888
enable
0.16289880649774
bias
0.32579761299549
node
0.40724701624436
disable
0.23949226101152
done
70
68 171 -1.0750450148015 635 1
109 171 1.6865644779809 1179 0
176 171 0.94382117022986 1247 1
181 172 1.9775383770257 2045 1
91 172 0.93025712476665 1032 0
124 172 1.713802476577 3136 1
52 175 -1.8001698583941 1245 1
90 175 -1.3728112048708 1484 1
187 175 1.0222423856319 3407 1
29 175 0.62216784417249 3450 1
179 175 -1.6452384182257 1487 1
108 175 -0.11616964476455 2240 1
20 175 1.1072785042879 1181 1
108 176 -1.8719042100284 2043 1
99 176 -1.3862528534806 3405 1
180 176 0.94111040833766 1544 1
68 176 1.0007881633961 1246 0
170 178 -1.1768974959563 1485 1
103 178 1.0513979079562 1405 1
41 178 -1.283476905118 3137 1
145 178 1.3633340021973 3404 1
33 179 0.86087855922117 2371 1
52 179 0.99978791924802 1486 1
1000006 180 -0.96352672658467 3215 1
124 180 0.87006791131321 2105 1
157 180 -0.38874477370525 2106 1
68 180 0.18510874507889 1543 1
170 181 0.75301630451369 2306 1
91 181 1.1595556123539 2044 1
175 184 0.92656772820215 3138 1
128 184 1.5166375698111 3214 1
151 185 1.0548077257607 3216 1
20 187 1.0321288567766 3406 1
109 1000001 1.3657347745818 634 1
123 1000001 -0.30498973815119 1483 1
2 1000001 1.8490099261452 1404 1
49 1000001 0.73217497024445 1541 1
29 1000001 -1.9980079577013 3303 1
150 1000001 0.11925474562822 1542 1
178 1000002 0.69033793109095 1406 1
175 1000002 1.4735664619691 1182 1
20 1000002 1.4283261439662 633 1
48 1000002 0.56801149202381 971 1
184 1000002 1.4783369017408 3139 1
69 1000002 1.7256021073031 2304 1
53 1000002 1.2028048757012 204 0
170 1000002 1.0440867356977 402 1
103 1000002 0.77160762315919 1030 1
44 1000003 0.53256986449782 2042 1
151 1000003 0.50581377605518 1403 1
185 1000003 -0.37579843287454 3217 1
140 1000003 1.7033600878933 205 1
68 1000003 -0.21032466822928 400 0
170 1000003 -1.4483846574246 9 1
171 1000003 -0.30723248793349 636 1
78 1000003 -1.5944124652852 1180 1
91 1000004 -1.8795877918656 8 1
132 1000004 1.3343283084848 7 0
172 1000004 -2.0710427796687 1033 1
145 1000004 -1.2026275369163 401 1
10 1000004 -1.5220460634484 1031 1
85 1000005 -0.2570639277955 972 0
72 1000005 -0.59810174871059 2171 1
171 1000005 -1.0297010940886 1119 1
130 1000005 -1.1635248802149 1118 1
89 1000005 -1.1012985091708 2305 1
90 1000006 -1.571898792993 2239 1
170 1000006 0.83223975341044 206 1
98 1000003 -0.80611590929899 3533 1
170 187 1.5870235297708 3534 1
0
188
connections
0.24999550003712
step
0.09999985
link
1.6289880649774
enable
0.18049702177234
bias
0.36099404354467
node
0.45124255443084
disable
0.23949226101152
done
72
68 171 1.1011060834047 635 1
109 171 1.6232900479141 1179 0
176 171 0.99730683416004 1247 1
181 172 1.0436333493218 2045 1
91 172 1.0203639014017 1032 0
124 172 1.7171544541765 3136 1
52 175 -1.7645760979034 1245 1
90 175 -1.3511101107822 1484 1
187 175 1.0693821527757 3407 1
29 175 0.62190618610187 3450 1
179 175 -1.7286136967071 1487 1
108 175 -0.17499313333537 2240 1
20 175 1.0693821527757 1181 1
108 176 -1.8358752708518 2043 1
99 176 -1.3428754539628 3405 1
180 176 1 1544 1
68 176 1.0587302774133 1246 0
170 178 -1.1803651539659 1485 1
103 178 1 1405 1
41 178 -1.2118900112918 3137 1
145 178 1.4153874324778 3404 1
33 179 0.90475173192541 2371 1
52 179 1 1486 1
1000006 180 -1.0363475447859 3215 1
124 180 0.9422276985992 2105 1
157 180 1.7908537553026 2106 0
68 180 0.14447462385937 1543 1
170 181 0.77730643635365 2306 1
91 181 1.0847076326792 2044 1
175 184 1 3138 1
128 184 1.5596789452803 3214 1
151 185 1 3216 1
20 187 1 3406 1
109 1000001 1.4029700951787 634 1
123 1000001 -0.32648701437422 1483 1
2 1000001 1.9032888271737 1404 1
49 1000001 0.70196310312204 1541 0
29 1000001 -1.9991454817347 3303 1
150 1000001 0.14001937925352 1542 1
178 1000002 0.69567851002707 1406 1
175 1000002 1.4122530902842 1182 1
20 1000002 1.4100844450008 633 1
48 1000002 0.52992784841896 971 1
184 1000002 1.4122530902842 3139 1
69 1000002 1.7468184453871 2304 1
53 1000002 1.1534341292185 204 0
170 1000002 0.96704082822986 402 1
103 1000002 0.77409475197782 1030 1
44 1000003 0.55249168370617 2042 1
151 1000003 -0.33578127384259 1403 1
185 1000003 -0.33578127384259 3217 1
140 1000003 -0.93232357266083 205 1
68 1000003 -0.23960558347938 400 0
170 1000003 -1.4262098245134 9 1
171 1000003 -0.35968804535406 636 1
78 1000003 -1.5122435682241 1180 1
91 1000004 -1.9038063120231 8 1
132 1000004 1.3904305531211 7 0
172 1000004 -2.0271255382368 1033 1
145 1000004 -1.2680172659119 401 1
10 1000004 -1.5081836942965 1031 1
85 1000005 -0.28046717649083 972 0
72 1000005 -1.8751306192206 2171 1
171 1000005 -1.0434643086032 1119 1
130 1000005 -1.0744537186804 1118 1
89 1000005 -1.0563676870022 2305 1
90 1000006 -1.6378063295389 2239 1
170 1000006 0.073194637249386 206 1
45 180 -0.38813440351573 3535 1
170 185 -1.2481460005493 3536 1
157 188 1 3537 1
188 180 1.7908537553026 3538 1
0
188
connections
0.24999550003712
step
0.105263
link
1.470163933888
enable
0.16289880649774
bias
0.36099404354467
node
0.45124255443084
disable
0.23949226101152
done
71
68 171 1.1011060834047 635 1
109 171 1.6232900479141 1179 0
176 171 0.99730683416004 1247 1
181 172 1.0436333493218 2045 1
91 172 1.0203639014017 1032 0
124 172 1.7171544541765 3136 1
52 175 -1.7645760979034 1245 1
90 175 -1.3511101107822 1484 1
187 175 1.0693821527757 3407 1
29 175 0.62190618610187 3450 1
179 175 -1.7286136967071 1487 1
108 175 -0.17499313333537 2240 1
20 175 1.0693821527757 1181 0
108 176 -1.8358752708518 2043 1
99 176 -1.3428754539628 3405 1
180 176 1 1544 1
68 176 1.0587302774133 1246 0
170 178 -1.1803651539659 1485 1
103 178 1 1405 1
41 178 -1.2118900112918 3137 1
145 178 1.4153874324778 3404 1
33 179 0.90475173192541 2371 1
52 179 1 1486 1
1000006 180 -1.0363475447859 3215 1
124 180 0.9422276985992 2105 1
157 180 1.7908537553026 2106 1
68 180 0.14447462385937 1543 1
170 181 0.77730643635365 2306 1
91 181 1.0847076326792 2044 1
175 184 1 3138 1
128 184 1.5596789452803 3214 1
151 185 1 3216 1
20 187 1 3406 1
109 1000001 1.4029700951787 634 1
123 1000001 -0.32648701437422 1483 1
2 1000001 1.9032888271737 1404 1
49 1000001 0.70196310312204 1541 1
29 1000001 -1.9991454817347 3303 1
150 1000001 0.14001937925352 1542 1
178 1000002 0.69567851002707 1406 1
175 1000002 1.4122530902842 1182 1
20 1000002 1.4100844450008 633 1
48 1000002 0.52992784841896 971 1
184 1000002 1.4122530902842 3139 1
69 1000002 1.7468184453871 2304 1
53 1000002 1.1534341292185 204 0
170 1000002 0.96704082822986 402 1
103 1000002 0.77409475197782 1030 1
44 1000003 0.55249168370617 2042 1
151 1000003 -0.33578127384259 1403 1
185 1000003 -0.33578127384259 3217 1
140 1000003 -0.93232357266083 205 1
68 1000003 -0.23960558347938 400 0
170 1000003 -1.4262098245134 9 1
171 1000003 -0.35968804535406 636 1
78 1000003 -1.5122435682241 1180 1
91 1000004 -1.9038063120231 8 1
132 1000004 1.3904305531211 7 0
172 1000004 -2.0271255382368 1033 1
145 1000004 -1.2680172659119 401 1
10 1000004 -1.5081836942965 1031 1
85 1000005 -0.28046717649083 972 0
72 1000005 -1.8751306192206 2171 1
171 1000005 -1.0434643086032 1119 1
130 1000005 -1.0744537186804 1118 1
89 1000005 -1.0563676870022 2305 1
90 1000006 -1.6378063295389 2239 1
170 1000006 0.073194637249386 206 1
160 185 0.49800103762932 3539 1
69 188 1 3540 1
188 1000002 1.7468184453871 3541 1
0
188
connections
0.19344262288
step
0.09999985
link
1.8999686502351
enable
0.18999686502351
bias
0.30950819660801
node
0.47499216255878
disable
0.27933156643608
done
72
68 171 1.1011060834047 635 1
109 171 1.5804593035676 1179 0
176 171 0.99730683416004 1247 1
124 172 1.7493681142613 3136 1
91 172 0.97723743269841 1032 0
170 172 0.30707724234748 3443 1
181 172 1.0436333493218 2045 1
179 175 -1.7286136967071 1487 1
52 175 -1.7927191991943 1245 0
20 175 1.0070683919797 1181 1
135 175 1.3628955961791 3442 1
108 175 -0.17499313333537 2240 1
90 175 -1.3621011993774 1484 1
108 176 -1.8358752708518 2043 1
68 176 1.0238782921842 1246 0
180 176 1 1544 1
170 178 -1.1435126804407 1485 1
41 178 -1.2118900112918 3137 1
103 178 0.90956923123875 1405 1
33 179 0.99224265266884 2371 1
52 179 1 1486 1
124 180 0.98928556169317 2105 1
1000006 180 -0.95674260689108 3215 1
68 180 0.14447462385937 1543 1
157 180 1.7418881801813 2106 1
170 181 0.77730643635365 2306 1
91 181 1.0847076326792 2044 1
128 184 1.5596789452803 3214 1
175 184 1 3138 1
151 185 0.91933973204749 3216 1
103 187 0.99198934904019 3393 1
150 1000001 0.14001937925352 1542 1
49 1000001 0.70196310312204 1541 1
2 1000001 1.9032888271737 1404 1
109 1000001 1.4886692742308 634 1
123 1000001 -0.32648701437422 1483 1
48 1000002 1.3246864223151 971 1
178 1000002 0.69567851002707 1406 1
53 1000002 1.0850029331981 204 0
184 1000002 1.4122530902842 3139 1
69 1000002 1.7468184453871 2304 1
187 1000002 0.78245911246245 3394 1
170 1000002 0.96704082822986 402 1
175 1000002 1.4648659324729 1182 1
20 1000002 1.4100844450008 633 0
103 1000002 0.77409475197782 1030 1
170 1000003 -1.4069326554104 9 1
171 1000003 -0.32755556450443 636 1
68 1000003 -0.30765987590774 400 0
78 1000003 -1.5122435682241 1180 1
185 1000003 -0.33578127384259 3217 1
151 1000003 -0.24632465590381 1403 1
44 1000003 0.58264687032685 2042 1
139 1000003 1.9409306619465 3391 1
140 1000003 -0.93232357266083 205 1
168 1000003 -1.0087107455672 3392 1
145 1000004 -1.2680172659119 401 1
132 1000004 1.3672973703458 7 0
91 1000004 -1.8735873417176 8 1
172 1000004 -2.0271255382368 1033 1
10 1000004 -1.5169655479908 1031 1
89 1000005 -1.1306205938902 2305 1
72 1000005 -1.8751306192206 2171 1
85 1000005 -0.22629453328273 972 0
130 1000005 -1.0744537186804 1118 1
171 1000005 -1.0434643086032 1119 1
90 1000006 -1.5470914334544 2239 1
170 1000006 0.0084339023636774 206 1
121 179 1.879268776513 3542 1
30 179 -0.77864925077059 3543 1
20 188 1 3544 1
188 1000002 1.4100844450008 3545 1
559.16666666667
3
11
559.16666666667
189
connections
0.13508880611002
step
0.095
link
1.6289880649774
enable
0.2216023269087
bias
0.23949226101152
node
0.49999100007425
disable
0.26536498811427
done
69
68 171 1.1011060834047 635 1
109 171 1.6564836573382 1179 0
181 171 -0.56550798059023 2868 1
176 171 0.99730683416004 1247 1
70 172 -0.34952809685173 2401 1
182 172 1.0329267355212 2244 1
91 172 1.0364750803317 1032 0
20 175 1.0693821527757 1181 1
90 175 -1.3118686483352 1484 1
52 175 -1.7814874721519 1245 0
179 175 -1.7931212557372 1487 1
180 176 1 1544 1
8 176 1.7174899536411 2242 1
161 176 -0.36799218726157 3084 1
68 176 1 1246 1
186 178 1.0365799432356 2818 1
103 178 0.94532253895615 1405 1
170 178 -1.2206793420209 1485 1
138 178 -0.084658345286416 2241 0
28 178 -0.32538834803308 2187 0
57 179 0.14484084597308 2741 1
181 179 1.0632357249672 2190 1
161 179 -0.93368327890866 3226 1
1000005 179 0.21356852931303 2317 1
52 179 1 1486 1
68 180 0.15099505600146 1543 1
52 181 1 2189 1
91 182 1 2243 1
77 182 -1.8235796833903 2816 1
31 182 -1.7509689626759 2960 1
2 184 1 2402 1
103 186 1.0758714336465 2817 1
109 1000001 1.5871599813447 634 1
85 1000001 1.3512985625782 2461 1
123 1000001 -0.32648701437422 1483 1
184 1000001 1.9220245143767 2403 1
49 1000001 0.70196310312204 1541 1
150 1000001 0.14001937925352 1542 1
2 1000001 1.9173660386887 1404 1
20 1000002 1.4100844450008 633 1
175 1000002 1.4186069889258 1182 1
48 1000002 0.58185950704479 971 1
53 1000002 1.2206302411604 204 0
178 1000002 0.69567851002707 1406 1
170 1000002 1.0935284147199 402 1
103 1000002 0.69567851002707 1030 1
140 1000003 -0.93232357266083 205 1
170 1000003 -1.3800823464027 9 1
95 1000003 1.5864131595813 2460 1
151 1000003 -1.5001970135594 1403 1
68 1000003 -0.19875793187869 400 0
171 1000003 1.2781762138737 636 1
152 1000003 1.4855800042726 3010 1
78 1000003 -1.5668141794992 1180 1
91 1000004 -1.852422755396 8 1
117 1000004 -0.83968626972259 2188 1
10 1000004 -1.5081836942965 1031 1
132 1000004 1.3949736910343 7 0
172 1000004 -2.0271255382368 1033 1
145 1000004 -1.2262764439447 401 1
94 1000004 -0.64680928983428 3227 1
18 1000004 -0.57771538438063 2867 1
107 1000005 -1.5480819116794 2815 1
85 1000005 -0.25059611719337 972 0
171 1000005 -1.0434643086032 1119 1
53 1000005 -1.4257637256996 2742 1
130 1000005 -1.0744537186804 1118 1
121 1000005 -0.99459822382275 2400 1
170 1000006 0.073194637249386 206 1
0
195
connections
0.14968243860821
step
0.1052628421055
link
1.804967510268
enable
0.22160199450521
bias
0.23949190177313
node
0.45124187756701
disable
0.29403234572843
done
75
68 171 0.65023027099979 635 1
176 171 1.0208029993613 1247 1
181 171 -0.63996387647481 2868 1
109 171 1.7039856460845 1179 0
91 172 1.02532058185 1032 0
182 172 0.99660671187398 2244 1
70 172 -0.27430313568196 2401 1
179 175 -1.8573351552047 1487 1
52 175 -1.7029726205954 1245 0
90 175 -1.4419480495666 1484 1
20 175 1.1499661561708 1181 1
57 176 -0.031067842646565 3468 1
68 176 0.9742210537141 1246 1
161 176 -0.38987697757958 3084 1
8 176 1.6862970318952 2242 1
180 176 1.052220143234 1544 1
28 178 -0.23400691218146 2187 0
170 178 0.91988891262551 1485 1
138 178 -0.14617441256294 2241 0
103 178 -1.0533158360546 1405 1
186 178 1.0271943429563 2818 1
52 179 1.0853631948103 1486 1
161 179 -0.87473686627552 3226 1
1000005 179 0.2953976860271 2317 1
57 179 0.20611276554002 2741 1
181 179 0.98954279067507 2190 1
68 180 0.063190384095279 1543 1
52 181 1.0652057549593 2189 1
31 182 -1.6919615131153 2960 1
91 182 1.0092074204978 2243 1
77 182 -1.8711166620106 2816 1
2 184 0.96216015686056 2402 1
61 186 0.37458418530839 3467 1
103 186 0.94779206415143 2817 1
91 195 1 3469 1
150 1000001 0.1626549237785 1542 1
2 1000001 1.867634106035 1404 1
49 1000001 0.60571092046419 1541 1
123 1000001 -0.26496484340495 1483 1
85 1000001 1.3738974849467 2461 1
184 1000001 1.7994509497553 2403 1
109 1000001 1.4117645836381 634 0
103 1000002 0.78003459553536 1030 1
178 1000002 0.70236566266082 1406 1
170 1000002 1.1306013840076 402 1
53 1000002 1.13711068784 204 1
175 1000002 1.5374083991266 1182 1
20 1000002 1.4991220628404 633 1
48 1000002 0.46948283967693 971 1
152 1000003 1.5118616749489 3010 1
78 1000003 -1.6098116430036 1180 1
171 1000003 -0.33282558868272 636 1
95 1000003 0.14054088269753 2460 1
151 1000003 0.47712637714774 1403 1
68 1000003 -0.18530844492687 400 0
170 1000003 -1.298140290537 9 1
140 1000003 -1.0366030740571 205 1
18 1000004 -0.61079271635029 2867 1
94 1000004 -0.711017085609 3227 1
145 1000004 -1.2889094869926 401 1
117 1000004 -0.94063890498215 2188 1
132 1000004 1.3416304683361 7 0
10 1000004 -1.596543802242 1031 1
91 1000004 -1.9082745958101 8 0
172 1000004 -2.102324714736 1033 1
195 1000004 -1.9082745958101 3470 1
171 1000005 -1.0523761875134 1119 1
107 1000005 -1.6337136689703 2815 1
53 1000005 -1.3982147085192 2742 1
85 1000005 -0.31413250676672 972 1
121 1000005 -1.0669544494049 2400 1
130 1000005 -0.98014251031373 1118 1
170 1000006 0.0049352203467091 206 1
136 1000001 1.5794549394208 3546 1
168 1000006 -1.7105624561296 3547 1
0
195
connections
0.13508860347681
step
0.105263
link
1.6289856214953
enable
0.22160199450521
bias
0.26536459006679
node
0.49999025008775
disable
0.29403234572843
done
74
68 171 0.65023027099979 635 1
176 171 1.0208029993613 1247 1
181 171 -0.63996387647481 2868 1
109 171 1.7039856460845 1179 0
91 172 1.02532058185 1032 0
182 172 0.99660671187398 2244 1
70 172 -0.27430313568196 2401 1
179 175 -1.8573351552047 1487 1
52 175 -1.7029726205954 1245 0
90 175 -1.4419480495666 1484 1
20 175 1.1499661561708 1181 1
57 176 -0.031067842646565 3468 1
68 176 0.9742210537141 1246 1
161 176 -0.38987697757958 3084 1
8 176 1.6862970318952 2242 1
180 176 1.052220143234 1544 1
28 178 -0.23400691218146 2187 0
170 178 0.91988891262551 1485 1
138 178 -0.14617441256294 2241 0
103 178 -1.0533158360546 1405 1
186 178 1.0271943429563 2818 1
52 179 1.0853631948103 1486 1
161 179 -0.87473686627552 3226 1
1000005 179 0.2953976860271 2317 1
57 179 0.20611276554002 2741 1
181 179 0.98954279067507 2190 1
68 180 0.063190384095279 1543 1
52 181 1.0652057549593 2189 1
31 182 -1.6919615131153 2960 1
91 182 1.0092074204978 2243 1
77 182 -1.8711166620106 2816 1
2 184 0.96216015686056 2402 1
61 186 0.37458418530839 3467 1
103 186 0.94779206415143 2817 1
91 195 1 3469 1
150 1000001 0.1626549237785 1542 1
2 1000001 1.867634106035 1404 1
49 1000001 0.60571092046419 1541 1
123 1000001 -0.26496484340495 1483 1
85 1000001 1.3738974849467 2461 1
184 1000001 1.7994509497553 2403 1
109 1000001 1.4117645836381 634 1
103 1000002 0.78003459553536 1030 1
178 1000002 0.70236566266082 1406 1
170 1000002 1.1306013840076 402 1
53 1000002 1.13711068784 204 1
175 1000002 1.5374083991266 1182 1
20 1000002 1.4991220628404 633 1
48 1000002 0.46948283967693 971 1
152 1000003 1.5118616749489 3010 1
78 1000003 -1.6098116430036 1180 1
171 1000003 -0.33282558868272 636 1
95 1000003 0.14054088269753 2460 1
151 1000003 0.47712637714774 1403 1
68 1000003 -0.18530844492687 400 0
170 1000003 -1.298140290537 9 1
140 1000003 -1.0366030740571 205 1
18 1000004 -0.61079271635029 2867 1
94 1000004 -0.711017085609 3227 1
145 1000004 -1.2889094869926 401 1
117 1000004 -0.94063890498215 2188 1
132 1000004 1.3416304683361 7 0
10 1000004 -1.596543802242 1031 1
91 1000004 -1.9082745958101 8 0
172 1000004 -2.102324714736 1033 1
195 1000004 -1.9082745958101 3470 1
171 1000005 -1.0523761875134 1119 1
107 1000005 -1.6337136689703 2815 1
53 1000005 -1.3982147085192 2742 1
85 1000005 -0.31413250676672 972 1
121 1000005 -1.0669544494049 2400 1
130 1000005 -0.98014251031373 1118 1
170 1000006 0.0049352203467091 206 1
48 182 -0.37031159398175 3548 1
0
195
connections
0.1745814434037
step
0.0857375
link
1.899960100389
enable
0.23326455757865
bias
0.25209598241891
node
0.64616124011584
disable
0.30950680382321
done
99
68 171 0.98696630946006 635 0
109 171 1.6168459109389 1179 0
189 171 1.1011060834047 3032 1
194 171 0.99730683416004 3474 1
176 171 0.99730683416004 1247 0
181 171 -0.54159943916158 2868 1
182 172 1.0364750803317 2244 1
91 172 1.0289327054851 1032 0
190 172 -0.44429788968398 3080 1
70 172 -0.34952809685173 2401 1
7 172 0.73580126346629 3229 1
179 175 -1.7223362194432 1487 1
90 175 -1.3118686483352 1484 1
188 175 1.0693821527757 2947 1
20 175 1.0428543597588 1181 1
1000003 175 -1.9583727530747 3030 1
91 175 0.89608447523423 3165 0
52 175 -1.7814874721519 1245 1
191 175 -1.9107017967048 3167 1
180 176 1.003008706906 1544 1
8 176 1.528305917539 2242 1
68 176 1.0297910692523 1246 1
170 178 -1.2206793420209 1485 1
138 178 -0.084658345286416 2241 1
186 178 1.0365799432356 2818 1
28 178 -0.21955904970178 2187 1
103 178 1 1405 1
114 179 -1.741935483871 3471 1
52 179 1 1486 1
1000005 179 0.28694259955934 2317 1
181 179 1.079923694909 2190 1
57 179 0.21769052016163 2741 1
68 180 0.047114110834695 1543 1
32 180 -1.350321970275 3314 1
52 181 0.88867784447791 2189 1
91 182 1 2243 1
77 182 -1.8237250892666 2816 1
2 184 1 2402 1
60 184 -1.6286507766961 2945 1
103 186 1.1034238315397 2817 1
20 188 0.91791812927796 2946 1
19 189 -1.7770928067873 3472 0
12 189 0.32758568071535 3410 1
79 189 0.25428504931405 3078 1
68 189 1 3031 1
70 190 1.8019959105197 3079 1
1000003 191 1 3166 1
170 192 1 3230 1
171 193 1 3315 1
176 194 1 3473 1
85 1000001 1.3512985625782 2461 1
184 1000001 1.9220245143767 2403 1
49 1000001 0.81593801641431 1541 1
63 1000001 0.83309427167577 3313 1
109 1000001 1.4717497050954 634 1
123 1000001 -0.31501625004605 1483 1
2 1000001 1.9032888271737 1404 1
150 1000001 0.21734277205448 1542 1
178 1000002 0.61399380360396 1406 1
192 1000002 1.0285151174039 3231 1
175 1000002 1.3812780218011 1182 1
53 1000002 1.1585339777069 204 0
103 1000002 0.69567851002707 1030 1
70 1000002 0.4788354136784 3164 1
48 1000002 0.53862852287802 971 1
20 1000002 1.2672331832489 633 1
97 1000002 -0.92147635582105 2944 1
170 1000002 1.0935284147199 402 1
151 1000003 -0.38445638145887 1403 1
78 1000003 -1.5668141794992 1180 1
193 1000003 -0.29633847342047 3316 1
95 1000003 1.5864131595813 2460 1
68 1000003 -0.86056093020417 400 0
140 1000003 -1.036789023777 205 1
170 1000003 -1.4262098245134 9 1
171 1000003 -0.29633847342047 636 0
10 1000004 -1.623080328509 1031 1
18 1000004 -0.56647863218747 2867 1
145 1000004 -1.2262764439447 401 1
117 1000004 -0.83968626972259 2188 1
44 1000004 1.0296341999071 3077 1
84 1000004 -1.1584215826899 3228 1
172 1000004 -2.0271255382368 1033 1
91 1000004 -1.8428870653888 8 1
132 1000004 1.4840921141467 7 0
53 1000005 -1.4109599884822 2742 1
107 1000005 -1.5480819116794 2815 1
171 1000005 0.47151097140416 1119 1
85 1000005 -0.25059611719337 972 1
97 1000005 0.32929471724601 3409 1
121 1000005 -0.9917370773122 2400 1
130 1000005 -0.93531310913746 1118 1
170 1000006 0.073194637249386 206 1
34 1000006 -1.8970915860469 3029 1
6 189 1.1922360911893 3549 1
43 189 -0.25678273873104 3550 1
170 179 -0.98129215369121 3551 1
19 195 1 3552 1
195 189 -1.7770928067873 3553 1
0
195
connections
0.13508860347681
step
0.0949998575
link
1.6289856214953
enable
0.22160199450521
bias
0.26536459006679
node
0.49999025008775
disable
0.26536459006679
done
75
68 171 0.65716818594462 635 1
176 171 0.071962645344402 1247 1
181 171 -0.56542970073084 2868 1
109 171 1.6776169304876 1179 0
91 172 0.99880110504246 1032 0
182 172 1.0060999377843 2244 1
70 172 -0.36186350728624 2401 1
179 175 -1.8467313624004 1487 1
52 175 -1.6971248251739 1245 0
90 175 -1.4316527984304 1484 1
20 175 1.0499948409344 1181 1
57 176 -0.0088450603431044 3468 1
68 176 0.98270717032235 1246 1
161 176 -0.36949690011422 3084 1
8 176 1.4894182229485 2242 1
180 176 0.96957110799272 1544 1
28 178 -0.26974021836413 2187 0
170 178 -1.2159274646308 1485 1
138 178 -0.16892485910375 2241 0
103 178 -1.0169852835373 1405 0
186 178 1.0549235236184 2818 1
52 179 1.0840928637589 1486 1
161 179 -0.78243911355136 3226 1
1000005 179 0.20656744114834 2317 1
57 179 0.12686745455496 2741 1
181 179 1.002696706306 2190 1
68 180 0.032532731101413 1543 1
52 181 -0.22455519272439 2189 1
31 182 -1.8331425202528 2960 1
91 182 1.1016907254812 2243 1
77 182 -1.8881149885135 2816 1
2 184 0.89251717529351 2402 1
61 186 0.42686063510796 3467 1
103 186 0.92539532660489 2817 1
91 195 1.0669176827588 3469 1
150 1000001 0.2786590959861 1542 1
2 1000001 1.8794119039027 1404 1
49 1000001 0.72474777873776 1541 1
123 1000001 -0.18098215130001 1483 1
85 1000001 1.2848874863168 2461 1
184 1000001 1.737421409327 2403 1
109 1000001 1.3814992705963 634 1
103 1000002 0.7180520535412 1030 1
178 1000002 0.70679602653305 1406 1
170 1000002 1.1407168813927 402 1
53 1000002 1.171736478975 204 1
175 1000002 1.4708618208864 1182 1
20 1000002 1.3465646879902 633 1
48 1000002 0.45152623341385 971 1
152 1000003 1.5362994873476 3010 1
78 1000003 -1.6105262328311 1180 1
171 1000003 -0.34430373547194 636 1
95 1000003 1.5153727375615 2460 1
151 1000003 -1.4085950818075 1403 1
68 1000003 -0.10442215614876 400 0
170 1000003 -1.2268157416202 9 1
140 1000003 -1.0848205681848 205 1
18 1000004 -0.63718462597957 2867 1
94 1000004 -0.68086774272919 3227 1
145 1000004 -1.3577638714577 401 1
117 1000004 -0.84263481109279 2188 1
132 1000004 1.3269225525337 7 0
10 1000004 -1.5758460275696 1031 1
91 1000004 -1.8380830014257 8 1
172 1000004 -2.0295563373016 1033 1
195 1000004 -1.8683663637935 3470 1
171 1000005 -1.1200940643903 1119 1
107 1000005 -1.5230178604057 2815 1
53 1000005 -1.4200779833203 2742 1
85 1000005 -0.32168872578608 972 1
121 1000005 -1.1408825284598 2400 1
130 1000005 0.52265999328593 1118 1
170 1000006 0.054358183677881 206 1
6 175 0.87643055513169 3554 1
35 1000002 -1.9995117038484 3555 1
0
194
connections
0.1745814434037
step
0.095
link
2.105215789971
enable
0.23326455757865
bias
0.22751696540851
node
0.64616124011584
disable
0.30950680382321
done
96
68 171 0.98696630946006 635 0
109 171 1.6168459109389 1179 0
189 171 1.1011060834047 3032 1
194 171 0.99730683416004 3474 1
176 171 0.99730683416004 1247 0
181 171 -0.54159943916158 2868 1
182 172 1.0364750803317 2244 1
91 172 1.0289327054851 1032 0
190 172 -0.44429788968398 3080 0
70 172 -0.36933500167852 2401 1
7 172 0.73580126346629 3229 1
179 175 -1.7223362194432 1487 1
90 175 -1.3118686483352 1484 1
188 175 1.0693821527757 2947 1
20 175 1.0428543597588 1181 1
1000003 175 -1.9583727530747 3030 1
91 175 0.89608447523423 3165 0
52 175 -1.7814874721519 1245 1
191 175 -1.9107017967048 3167 1
180 176 1.003008706906 1544 1
8 176 1.528305917539 2242 1
68 176 1.0297910692523 1246 1
170 178 -1.2206793420209 1485 1
138 178 -0.084658345286416 2241 1
186 178 1.0365799432356 2818 1
28 178 -0.21955904970178 2187 1
103 178 1 1405 1
114 179 -1.741935483871 3471 1
52 179 1 1486 1
1000005 179 0.28694259955934 2317 1
181 179 1.079923694909 2190 1
57 179 0.21769052016163 2741 1
68 180 0.047114110834695 1543 1
32 180 -1.350321970275 3314 1
52 181 0.88867784447791 2189 1
91 182 0.97663100252461 2243 1
77 182 -1.8739588794146 2816 1
2 184 0.92803457840151 2402 1
60 184 -1.6286507766961 2945 1
103 186 1.1034238315397 2817 1
20 188 0.91791812927796 2946 1
19 189 -1.7770928067873 3472 1
12 189 0.32758568071535 3410 1
79 189 0.25428504931405 3078 1
68 189 1 3031 1
70 190 1.8019959105197 3079 1
1000003 191 1 3166 1
170 192 1 3230 1
171 193 1 3315 1
176 194 1 3473 1
85 1000001 1.3512985625782 2461 1
184 1000001 1.9858394116031 2403 1
49 1000001 0.81593801641431 1541 1
63 1000001 0.83309427167577 3313 1
109 1000001 1.4717497050954 634 1
123 1000001 -0.31501625004605 1483 1
2 1000001 1.9032888271737 1404 1
150 1000001 0.21734277205448 1542 1
178 1000002 0.61399380360396 1406 1
192 1000002 1.0285151174039 3231 1
175 1000002 1.3812780218011 1182 1
53 1000002 1.1585339777069 204 0
103 1000002 0.69567851002707 1030 1
70 1000002 0.4788354136784 3164 1
48 1000002 0.53862852287802 971 1
20 1000002 1.2672331832489 633 1
97 1000002 -0.92147635582105 2944 1
170 1000002 1.0285151174039 402 1
151 1000003 -0.38445638145887 1403 1
78 1000003 -1.4805749687185 1180 1
193 1000003 -0.29633847342047 3316 1
95 1000003 1.5864131595813 2460 1
68 1000003 -0.86056093020417 400 0
140 1000003 -1.036789023777 205 1
170 1000003 -1.4262098245134 9 1
171 1000003 -0.29633847342047 636 0
10 1000004 -1.623080328509 1031 1
18 1000004 -0.56647863218747 2867 1
145 1000004 -1.3579203696443 401 1
117 1000004 -0.83968626972259 2188 1
44 1000004 1.0296341999071 3077 1
84 1000004 -1.1584215826899 3228 1
172 1000004 -2.0271255382368 1033 1
91 1000004 -1.8428870653888 8 1
132 1000004 1.4840921141467 7 0
53 1000005 -1.4109599884822 2742 1
107 1000005 -1.5615592700118 2815 1
171 1000005 0.47151097140416 1119 1
85 1000005 -0.25059611719337 972 1
97 1000005 0.32929471724601 3409 1
121 1000005 -0.9917370773122 2400 1
130 1000005 -0.93531310913746 1118 1
170 1000006 0.073194637249386 206 1
34 1000006 -1.8970915860469 3029 1
152 184 0.53511154515213 3556 1
110 1000001 -0.70149845881527 3557 1
0
194
connections
0.19344175238951
step
0.105263
link
1.7147165626759
enable
0.25846449604634
bias
0.22751696540851
node
0.79331411101336
disable
0.30950680382321
done
95
68 171 1.0291534184417 635 0
109 171 1.5764621406823 1179 0
181 171 -0.4626729277324 2868 1
189 171 1.1021527156872 3032 1
176 171 0.96341740271987 1247 1
182 172 0.94844489752583 2244 1
190 172 1.9324930570391 3080 1
70 172 -0.4272186956389 2401 1
91 172 1.0953576146926 1032 0
188 175 1.0692284920804 2947 1
91 175 0.97195516830958 3165 1
179 175 -1.8035589435253 1487 1
1000003 175 -1.4752037110508 3030 0
90 175 -1.2560898159734 1484 1
52 175 -1.7855569910432 1245 0
191 175 -1.9861202054697 3167 1
20 175 0.97611633064418 1181 1
68 176 1.0703082053954 1246 1
180 176 0.90943514203891 1544 1
8 176 1.612323526719 2242 1
170 178 -1.2099341990515 1485 1
138 178 -1.5133358256783 2241 1
103 178 1.039908291879 1405 1
186 178 1.1083684804834 2818 1
28 178 -0.22680429644393 2187 1
52 179 1.0299870296335 1486 1
181 179 1.1505061406624 2190 1
1000005 179 0.35615079683098 2317 1
57 179 0.17624562133049 2741 1
68 180 -0.030455547663184 1543 1
12 180 1.6211253700369 3257 1
52 181 0.79887331553111 2189 1
91 182 0.31086153752251 2243 1
77 182 -1.8787803461341 2816 1
60 184 -1.5369211401715 2945 0
2 184 1.8049256874294 2402 1
103 186 1.0993677690378 2817 1
20 188 0.97739061684167 2946 1
41 189 -0.96128284554582 3256 1
79 189 0.20043712304677 3078 1
68 189 1.0333559678945 3031 1
70 190 0.3352763451033 3079 1
191 190 0.95547212134159 3422 1
131 190 1.6275521103549 3476 1
1000003 191 1.0426335947752 3166 1
130 192 1.0664597003082 3258 1
85 192 1.3752250740074 3475 1
171 193 0.95686773277993 3339 1
145 194 1 3477 1
49 1000001 0.79838300680098 1541 1
109 1000001 1.4145908257351 634 1
123 1000001 -0.37997253334147 1483 1
2 1000001 1.9664375743889 1404 1
150 1000001 0.15510439197696 1542 1
184 1000001 1.997450941496 2403 1
85 1000001 1.3697755363628 2461 1
20 1000002 1.2749133187511 633 1
97 1000002 -0.95252451402901 2944 1
170 1000002 0.96940793639866 402 1
103 1000002 0.6472521969682 1030 1
70 1000002 0.44383846552934 3164 1
53 1000002 1.1132504607538 204 1
48 1000002 0.49683571303885 971 1
178 1000002 0.67473036783017 1406 1
175 1000002 1.459635670319 1182 1
78 1000003 -1.5730062257759 1180 1
171 1000003 -0.30625683640763 636 0
95 1000003 1.5328493606372 2460 1
170 1000003 -1.4167843354543 9 1
193 1000003 -1.1603747672964 3340 1
68 1000003 -0.76673223059786 400 0
140 1000003 -1.7369304483169 205 1
151 1000003 -0.32312836851902 1403 1
10 1000004 -1.6051832064044 1031 1
18 1000004 -0.55450759425297 2867 1
44 1000004 1.0458439536227 3077 1
117 1000004 -0.80058977019562 2188 1
91 1000004 -1.8627614817223 8 1
132 1000004 1.4820597340081 7 0
172 1000004 -1.3078949858089 1033 1
145 1000004 -1.3645277795384 401 0
194 1000004 -1.3645277795384 3478 1
192 1000005 -1.0182927838101 3259 1
121 1000005 -1.0709477160646 2400 1
53 1000005 0.42548905911435 2742 1
171 1000005 0.39517639698477 1119 1
118 1000005 0.89783516953032 3338 1
85 1000005 -0.21704299972763 972 1
130 1000005 -1.0464700766015 1118 1
107 1000005 -1.5566218329562 2815 1
124 1000005 -0.83016449476608 3337 1
34 1000006 -1.8305043183691 3029 1
170 1000006 0.064998433751964 206 1
126 188 -0.61543626209296 3558 1
15 178 -0.24616229743339 3559 1
0
194
connections
0.15755998901182
step
0.0949998575
link
2.105215789971
enable
0.25846449604634
bias
0.22751696540851
node
0.58316139394664
disable
0.30950680382321
done
96
68 171 0.98696630946006 635 0
109 171 1.6168459109389 1179 0
189 171 1.1021527156872 3032 1
194 171 0.99730683416004 3474 1
176 171 0.96341740271987 1247 1
181 171 -0.4626729277324 2868 1
182 172 0.94844489752583 2244 1
91 172 1.0289327054851 1032 0
190 172 1.9324930570391 3080 1
70 172 -0.4272186956389 2401 1
7 172 0.73580126346629 3229 1
179 175 -1.7223362194432 1487 1
90 175 -1.2560898159734 1484 1
188 175 1.0693821527757 2947 1
20 175 1.0428543597588 1181 1
1000003 175 -1.9583727530747 3030 1
91 175 0.89608447523423 3165 0
52 175 -1.7814874721519 1245 1
191 175 -1.9861202054697 3167 1
180 176 0.90943514203891 1544 1
8 176 1.612323526719 2242 1
68 176 1.0703082053954 1246 1
170 178 -1.2206793420209 1485 1
138 178 -0.084658345286416 2241 1
186 178 1.1083684804834 2818 1
28 178 -0.21955904970178 2187 1
103 178 1 1405 1
114 179 -1.741935483871 3471 1
52 179 1 1486 1
1000005 179 0.35615079683098 2317 1
181 179 1.1505061406624 2190 1
57 179 0.17624562133049 2741 1
68 180 0.047114110834695 1543 1
32 180 -1.350321970275 3314 0
52 181 0.88867784447791 2189 1
91 182 0.31086153752251 2243 1
77 182 -1.8787803461341 2816 1
2 184 1.8049256874294 2402 1
60 184 -1.6286507766961 2945 1
103 186 1.0993677690378 2817 1
20 188 0.91791812927796 2946 1
19 189 -1.7770928067873 3472 1
12 189 0.32758568071535 3410 1
79 189 0.20043712304677 3078 1
68 189 1.0333559678945 3031 1
70 190 1.8019959105197 3079 1
1000003 191 1 3166 1
170 192 1 3230 1
171 193 1 3315 1
176 194 1 3473 1
85 1000001 1.3697755363628 2461 1
184 1000001 1.9858394116031 2403 1
49 1000001 0.79838300680098 1541 1
63 1000001 0.83309427167577 3313 1
109 1000001 1.4145908257351 634 1
123 1000001 -0.37997253334147 1483 1
2 1000001 1.9664375743889 1404 1
150 1000001 0.21734277205448 1542 1
178 1000002 0.61399380360396 1406 1
192 1000002 1.0285151174039 3231 1
175 1000002 1.459635670319 1182 1
53 1000002 1.1132504607538 204 1
103 1000002 0.6472521969682 1030 1
70 1000002 0.4788354136784 3164 1
48 1000002 0.53862852287802 971 1
20 1000002 1.2749133187511 633 1
97 1000002 -0.95252451402901 2944 1
170 1000002 0.96940793639866 402 1
151 1000003 -0.38445638145887 1403 1
78 1000003 -1.4805749687185 1180 1
193 1000003 -0.29633847342047 3316 1
95 1000003 1.5328493606372 2460 1
68 1000003 -0.86056093020417 400 0
140 1000003 -1.036789023777 205 1
170 1000003 -1.4262098245134 9 1
171 1000003 -0.29633847342047 636 0
10 1000004 -1.6051832064044 1031 1
18 1000004 -0.56647863218747 2867 1
145 1000004 -1.3579203696443 401 1
117 1000004 -0.83968626972259 2188 1
44 1000004 1.0296341999071 3077 1
84 1000004 -1.1584215826899 3228 1
172 1000004 -1.3078949858089 1033 1
91 1000004 -1.8428870653888 8 1
132 1000004 1.4840921141467 7 0
53 1000005 -1.4109599884822 2742 1
107 1000005 -1.5615592700118 2815 1
171 1000005 0.47151097140416 1119 1
85 1000005 -0.25059611719337 972 1
97 1000005 0.32929471724601 3409 1
121 1000005 -1.0709477160646 2400 1
130 1000005 -1.0464700766015 1118 1
170 1000006 0.064998433751964 206 1
34 1000006 -1.8305043183691 3029 1
1000005 175 -0.3748283333842 3560 1
18 193 1.3962218085269 3561 1
0
195
connections
0.1421983166778
step
0.1052628421055
link
1.39665364221
enable
0.25846488374366
bias
0.22751730668447
node
0.42867978368866
disable
0.25209636056345
done
77
68 171 1.1011060834047 635 1
109 171 1.6564836573382 1179 0
181 171 -0.56550798059023 2868 1
176 171 0.99730683416004 1247 1
70 172 -0.34952809685173 2401 1
12 172 1.7578051087985 3428 1
91 172 1.0364750803317 1032 1
182 172 1.0329267355212 2244 1
90 175 -1.3118686483352 1484 1
179 175 -1.7931212557372 1487 1
20 175 1.0693821527757 1181 1
52 175 -1.7814874721519 1245 0
8 176 1.528305917539 2242 1
161 176 -0.36799218726157 3084 1
68 176 1 1246 1
180 176 1.003008706906 1544 1
186 178 1.0365799432356 2818 1
103 178 0.94532253895615 1405 1
170 178 -1.2206793420209 1485 1
138 178 -0.084658345286416 2241 1
28 178 -0.32538834803308 2187 0
165 179 1.0152287362285 3479 1
161 179 -0.93368327890866 3226 1
181 179 1.079923694909 2190 1
57 179 0.21769052016163 2741 1
52 179 1 1486 1
1000005 179 0.21356852931303 2317 1
68 180 0.047114110834695 1543 1
52 181 0.88867784447791 2189 1
91 182 1 2243 1
77 182 -1.8235796833903 2816 1
31 182 -1.7509689626759 2960 1
2 184 1 2402 1
103 186 1.0758714336465 2817 1
18 194 1 3481 1
123 1000001 -0.31501625004605 1483 1
170 1000001 0.25714896084475 3480 1
109 1000001 1.4717497050954 634 1
85 1000001 1.3512985625782 2461 1
2 1000001 1.9173660386887 1404 1
150 1000001 0.21734277205448 1542 1
184 1000001 1.9858394116031 2403 1
49 1000001 0.70196310312204 1541 1
20 1000002 1.4100844450008 633 1
48 1000002 0.53862852287802 971 1
175 1000002 1.3812780218011 1182 1
178 1000002 0.69567851002707 1406 1
170 1000002 1.0935284147199 402 1
103 1000002 0.69567851002707 1030 1
53 1000002 1.2206302411604 204 0
170 1000003 -1.3800823464027 9 1
151 1000003 -1.5001970135594 1403 1
140 1000003 -1.036789023777 205 1
68 1000003 -0.19875793187869 400 0
78 1000003 -1.5668141794992 1180 1
95 1000003 1.5864131595813 2460 1
171 1000003 1.2781762138737 636 1
152 1000003 1.4855800042726 3010 1
117 1000004 -0.90269676043024 2188 1
91 1000004 -1.8428870653888 8 1
132 1000004 1.3949736910343 7 0
145 1000004 -1.2262764439447 401 1
94 1000004 -0.64680928983428 3227 1
172 1000004 -2.0271255382368 1033 1
18 1000004 -0.57771538438063 2867 0
10 1000004 -1.623080328509 1031 1
194 1000004 -0.57771538438063 3482 1
107 1000005 -1.5480819116794 2815 1
121 1000005 -0.9917370773122 2400 1
130 1000005 -0.93531310913746 1118 1
171 1000005 -1.0434643086032 1119 1
85 1000005 -0.25059611719337 972 1
53 1000005 -1.4257637256996 2742 1
8 1000005 1.8796349986267 3429 1
170 1000006 0.073194637249386 206 0
170 195 1 3562 1
195 1000006 0.073194637249386 3563 1
0
195
connections
0.1745814434037
step
0.0949998575
link
1.899960100389
enable
0.23326455757865
bias
0.25209598241891
node
0.58316139394664
disable
0.30950680382321
done
98
68 171 0.89667484053942 635 0
109 171 1.6567019563826 1179 0
189 171 1.140544636265 3032 0
194 171 0.95878444557999 3474 1
176 171 0.92318740433773 1247 1
181 171 -0.63231549169507 2868 1
182 172 1.051722599536 2244 1
91 172 1.0991714491918 1032 1
190 172 -0.41762185315768 3080 1
70 172 -0.30994958094508 2401 1
7 172 0.8258202025061 3229 1
179 175 -1.7613572797201 1487 1
90 175 -1.3534642462097 1484 1
188 175 1.0644969096992 2947 1
20 175 1.1153386102962 1181 1
1000003 175 -2.0439906244646 3030 1
91 175 0.89274743382115 3165 0
52 175 -1.8332768472708 1245 1
191 175 -1.9071850015405 3167 1
180 176 0.9130187604067 1544 1
8 176 1.45414589816 2242 1
68 176 0.96289658052595 1246 1
170 178 -1.2834220989458 1485 1
138 178 -0.14087198208769 2241 1
186 178 1.0739426301951 2818 1
28 178 -0.20456120849424 2187 1
103 178 0.99761058577193 1405 1
114 179 -1.7028970280698 3471 1
52 179 0.96666727617183 1486 1
1000005 179 -1.8362987151708 2317 1
181 179 1.0078801309875 2190 1
57 179 0.079531235694449 2741 1
68 180 -0.023926311185096 1543 1
32 180 -1.2995879236307 3314 1
52 181 0.91825313505555 2189 1
91 182 1.0434037225808 2243 1
77 182 -1.8398763904129 2816 1
2 184 0.99697594048814 2402 1
60 184 -1.5464424280705 2945 1
103 186 1.0257731102829 2817 1
20 188 0.90577895256504 2946 1
19 189 -1.854621759374 3472 1
12 189 0.36090680752731 3410 1
79 189 0.23822608112372 3078 1
68 189 1.0478869791659 3031 1
70 190 1.7613280739417 3079 1
1000003 191 0.99416380159467 3166 1
170 192 0.90639758295274 3230 1
171 193 0.95046044602489 3315 1
176 194 0.97711038926473 3473 1
85 1000001 1.2711602813453 2461 1
184 1000001 2.0628812895092 2403 1
49 1000001 0.85793371134785 1541 1
63 1000001 0.75151796043344 3313 1
109 1000001 1.4500487885212 634 1
123 1000001 -0.31955938114448 1483 1
2 1000001 1.850159996683 1404 1
150 1000001 0.14244634214641 1542 1
178 1000002 1.8467970824305 1406 1
192 1000002 1.0305822855425 3231 1
175 1000002 1.4457081445838 1182 1
53 1000002 1.0996472286703 204 0
103 1000002 -0.9870296334727 1030 1
70 1000002 0.5642619343009 3164 1
48 1000002 0.49332767832596 971 1
20 1000002 0.089175084688864 633 1
97 1000002 -0.94015045116568 2944 1
170 1000002 1.0418086216982 402 1
151 1000003 -0.31152564579761 1403 1
78 1000003 -1.3940699255889 1180 1
193 1000003 -0.26142855538838 3316 1
95 1000003 1.538781314772 2460 1
68 1000003 -0.84777811909185 400 0
140 1000003 -0.98342245445409 205 1
170 1000003 -1.4114381251219 9 1
171 1000003 -0.20437123565817 636 0
10 1000004 -1.7147286483256 1031 1
18 1000004 -0.64608269416509 2867 1
145 1000004 -1.3664006877445 401 1
117 1000004 -0.86648217807505 2188 1
44 1000004 1.0845547694015 3077 1
84 1000004 -1.2422535135842 3228 1
172 1000004 -1.9515390858645 1033 1
91 1000004 -1.7927328695548 8 1
132 1000004 1.562502439965 7 0
53 1000005 -1.5004919988727 2742 1
107 1000005 -1.5219973229796 2815 1
171 1000005 -1.0989241393511 1119 1
85 1000005 -0.31693974765 972 1
97 1000005 0.3642104337862 3409 1
121 1000005 -1.0632935665531 2400 1
130 1000005 -0.89091683184941 1118 1
170 1000006 0.14460036527964 206 1
34 1000006 -1.8154746852479 3029 1
139 190 -0.077700125125889 3564 1
112 186 -0.96481215857418 3565 1
189 195 1 3566 1
195 171 1.140544636265 3567 1
0
189
connections
0.14219852997559
step
0.09999985
link
1.7147217068372
enable
0.21052221056326
bias
0.22751764796095
node
0.47499145007054
disable
0.27933114743873
done
71
68 171 1.1011060834047 635 1
109 171 1.6564836573382 1179 0
181 171 -0.56550798059023 2868 1
176 171 0.99730683416004 1247 1
70 172 -0.34952809685173 2401 1
182 172 1.0329267355212 2244 1
91 172 1.0364750803317 1032 0
20 175 1.0693821527757 1181 0
90 175 -1.3118686483352 1484 1
52 175 -1.7814874721519 1245 0
179 175 -1.7931212557372 1487 1
180 176 1 1544 1
8 176 1.7174899536411 2242 1
161 176 -0.36799218726157 3084 1
68 176 1 1246 1
186 178 1.0365799432356 2818 1
103 178 0.94532253895615 1405 1
170 178 -1.2206793420209 1485 1
138 178 -0.084658345286416 2241 0
28 178 -0.32538834803308 2187 0
57 179 0.14484084597308 2741 1
181 179 1.0632357249672 2190 1
161 179 -0.93368327890866 3226 1
1000005 179 0.21356852931303 2317 1
52 179 1 1486 1
68 180 0.15099505600146 1543 1
52 181 1 2189 1
91 182 1 2243 1
77 182 -1.8235796833903 2816 1
31 182 -1.7509689626759 2960 1
2 184 1 2402 1
103 186 1.0758714336465 2817 1
109 1000001 1.5871599813447 634 1
85 1000001 1.3512985625782 2461 1
123 1000001 -0.32648701437422 1483 1
184 1000001 1.9220245143767 2403 1
49 1000001 0.70196310312204 1541 1
150 1000001 0.14001937925352 1542 1
2 1000001 1.9173660386887 1404 1
20 1000002 1.4100844450008 633 1
175 1000002 1.4186069889258 1182 1
48 1000002 0.58185950704479 971 1
53 1000002 1.2206302411604 204 0
178 1000002 0.69567851002707 1406 1
170 1000002 1.0935284147199 402 1
103 1000002 0.69567851002707 1030 1
140 1000003 -0.93232357266083 205 1
170 1000003 -1.3800823464027 9 1
95 1000003 1.5864131595813 2460 1
151 1000003 -1.5001970135594 1403 1
68 1000003 -0.19875793187869 400 0
171 1000003 1.2781762138737 636 1
152 1000003 1.4855800042726 3010 1
78 1000003 -1.5668141794992 1180 1
91 1000004 -1.852422755396 8 1
117 1000004 -0.83968626972259 2188 1
10 1000004 -1.5081836942965 1031 1
132 1000004 1.3949736910343 7 0
172 1000004 -2.0271255382368 1033 1
145 1000004 -1.2262764439447 401 1
94 1000004 -0.64680928983428 3227 1
18 1000004 -0.57771538438063 2867 1
107 1000005 -1.5480819116794 2815 1
85 1000005 -0.25059611719337 972 0
171 1000005 -1.0434643086032 1119 1
53 1000005 -1.4257637256996 2742 1
130 1000005 -1.0744537186804 1118 1
121 1000005 -0.99459822382275 2400 1
170 1000006 0.073194637249386 206 1
68 178 -1.7289956358531 3568 1
45 171 -0.64900662251656 3569 1
